Test 1:

lsWhite: 42.400000000000006
lsBlack: 27.450000000000003
lsThreshold: 7.475000000000001
csWhite: 88
csBlack: 5
csThreshold: 41.5
Left: 55.6
Middle: 6
Right: 59.800000000000004


Test 2:

lsWhite: 58.2
lsBlack: 28.0
lsThreshold: 15.100000000000001
csWhite: 86
csBlack: 6
csThreshold: 40.0
Left: 57.2
Middle: 6
Right: 59.300000000000004


Test 3: Changed Threshold Formula to lsBlack + lsAlpha * lsWhite

lsWhite: 58.400000000000006
lsBlack: 27.6
lsThreshold: 56.800000000000004
csWhite: 87
csBlack: 6
csThreshold: 24.3
Left: 57.300000000000004
Middle: 6
Right: 58.6


Test 4: Changed Threshold Formula to lsAlpha * (lsWhite + lsBlack)

lsWhite: 58.150000000000006
lsBlack: 27.950000000000003
lsThreshold: 43.050000000000004
csWhite: 86
csBlack: 6
csThreshold: 24.0
Left: 57.900000000000006
Middle: 5
Right: 59.300000000000004